(60194002755)(08704244156) 
(64852433524)(72737755716) 
(92462363483)(42553503863) 
(24084148144)(41006284539) 
(36197109869)(04969730021) 

2. 구분자 {} 사용할 경우

{49849057555}{31184172527} 
{88108693257}{50637336681}
{74467735496}{33291622179} 
{80508070841}{20371778010} 
{25771397580}{96409396762} 
{42722067993}{48047920218} 
{83771480177}{13545930405} 
{14849276461}{47018366805} 
{35965692639}{11684297901} 
{27538792790}{30469446667} 

3. 구분자 [] 사용할 경우

[56712462358][82803042337]
[34441930536][41770527268] 
[42461632969][71083190392] 
[56638219523][27882953844] 
[61187347141][77664698295] 
[30211786356][58337466115] 
[82007044249][17438692394] 
[88266673903][84481885783] 
[37570011889][86027465639] 
[86905947545][80577733661] 

4. 구분자 , 사용할 경우
49372038674,30303487358 
15977737297,09529763485 
25946590810,91253332841 
63157318219,12006737466 
74931185751,40782171571 
84937480176,03417554642 
50175978951,37503727552 
76653820218,71889099144 
62426098164,13661411981 
36495950181,26958345173 
